image_name,x_min,y_min,x_max,y_max,label
HorizontalFlip-image.jpg,0.9628909999999999,0.799805,1.0,0.94043,1
HorizontalFlip-image.jpg,0.8183590000000001,0.892578,0.935547,0.949219,1
HorizontalFlip-image.jpg,0.876953,0.513672,0.949219,0.629883,1
HorizontalFlip-image.jpg,0.830078,0.033203,0.960938,0.149414,1
HorizontalFlip-image.jpg,0.7880860000000001,0.144531,0.926758,0.232422,1
HorizontalFlip-image.jpg,0.675781,0.178711,0.813477,0.237305,1
HorizontalFlip-image.jpg,0.761719,0.0,0.8369139999999999,0.087891,1
HorizontalFlip-image.jpg,0.7441409999999999,0.0,0.792969,0.039062,1
HorizontalFlip-image.jpg,0.40136700000000003,0.011719,0.49414100000000005,0.079102,1
HorizontalFlip-image.jpg,0.49609400000000003,0.011719,0.6162110000000001,0.121094,1
HorizontalFlip-image.jpg,0.55957,0.207031,0.613281,0.277344,1
HorizontalFlip-image.jpg,0.46386700000000003,0.272461,0.55957,0.337891,1
HorizontalFlip-image.jpg,0.12793,0.142578,0.24414100000000005,0.239258,1
HorizontalFlip-image.jpg,0.22070299999999998,0.079102,0.294922,0.140625,1
HorizontalFlip-image.jpg,0.002929999999999988,0.0,0.08203099999999997,0.072266,1
HorizontalFlip-image.jpg,0.39843799999999996,0.37793,0.47460899999999995,0.456055,1
HorizontalFlip-image.jpg,0.27734400000000003,0.357422,0.36914100000000005,0.506836,1
HorizontalFlip-image.jpg,0.21093799999999996,0.371094,0.26953099999999997,0.448242,1
HorizontalFlip-image.jpg,0.021483999999999948,0.248047,0.09863299999999997,0.339844,1
HorizontalFlip-image.jpg,0.022460999999999953,0.554688,0.12207000000000001,0.625977,1
HorizontalFlip-image.jpg,0.829102,0.427734,0.930664,0.506836,1
HorizontalFlip-image.jpg,0.770508,0.327148,0.887695,0.394531,1
HorizontalFlip-image.jpg,0.674805,0.469727,0.75,0.555664,1
HorizontalFlip-image.jpg,0.675781,0.549805,0.734375,0.649414,1
HorizontalFlip-image.jpg,0.75293,0.625977,0.8222659999999999,0.78418,1
HorizontalFlip-image.jpg,0.6816409999999999,0.617188,0.786133,0.783203,1
HorizontalFlip-image.jpg,0.582031,0.623047,0.661133,0.737305,1
HorizontalFlip-image.jpg,0.466797,0.583984,0.547852,0.693359,1
HorizontalFlip-image.jpg,0.49218799999999996,0.404297,0.594727,0.549805,1
HorizontalFlip-image.jpg,0.374023,0.514648,0.42871099999999995,0.624023,1
HorizontalFlip-image.jpg,0.28515599999999997,0.49707,0.357422,0.604492,1
HorizontalFlip-image.jpg,0.19433599999999995,0.629883,0.359375,0.744141,1
HorizontalFlip-image.jpg,0.077148,0.688477,0.15429700000000002,0.963867,1
HorizontalFlip-image.jpg,0.16601600000000005,0.728516,0.25683599999999995,0.967773,1
HorizontalFlip-image.jpg,0.500977,0.878906,0.5527340000000001,0.93457,1
HorizontalFlip-image.jpg,0.628906,0.889648,0.702148,0.977539,1
HorizontalFlip-image.jpg,0.9160159999999999,0.825195,0.994141,0.882812,1
HorizontalFlip-image.jpg,0.46582,0.478516,0.5722659999999999,0.547852,1
HorizontalFlip-image.jpg,0.50293,0.647461,0.577148,0.711914,1
HorizontalFlip-image.jpg,0.388672,0.570312,0.5380860000000001,0.772461,1
HorizontalFlip-image.jpg,0.708008,0.777344,0.8037110000000001,0.966797,1
