image_name,x_min,y_min,x_max,y_max,label
RandomRotate-image.jpg,0.006314544512891205,0.7129855513253389,0.05468441415059555,0.8424061734527795,1
RandomRotate-image.jpg,0.0628288287491253,0.8027105067628721,0.1734744390620329,0.8659491470325396,1
RandomRotate-image.jpg,0.08534043367741648,0.4633740207189066,0.1624049023655117,0.5748464583988625,1
RandomRotate-image.jpg,0.12710373615949244,0.03369132818733349,0.2564134237236311,0.15153117076884004,1
RandomRotate-image.jpg,0.1485597902796285,0.1366710467006141,0.2817574995362227,0.23010834923572276,1
RandomRotate-image.jpg,0.24903592437804825,0.17945780943802267,0.37817968280309405,0.24666644069970134,1
RandomRotate-image.jpg,0.24437517824640423,0.01756361926096969,0.32097375177929616,0.10410288170774636,1
RandomRotate-image.jpg,0.28886488977737224,0.02233911860217597,0.33664713911252303,0.062474804615571915,1
RandomRotate-image.jpg,0.5509631144084306,0.06526195356700024,0.6410073643399464,0.1354256086487644,1
RandomRotate-image.jpg,0.4375563844561396,0.051996617247030946,0.5565442307687452,0.16257371369251694,1
RandomRotate-image.jpg,0.42318923893679505,0.22646456081598582,0.47872144858102306,0.2949957715115933,1
RandomRotate-image.jpg,0.4645009037228992,0.29064185466393455,0.5569445581039355,0.3593824155123596,1
RandomRotate-image.jpg,0.7564709585494368,0.20910958851746989,0.8705964634933868,0.307942749795928,1
RandomRotate-image.jpg,0.7219106245205308,0.14699297757298113,0.7947735413980126,0.20991520553657814,1
RandomRotate-image.jpg,0.9191630108297922,0.09959668944387605,0.9975463937858863,0.172628417648363,1
RandomRotate-image.jpg,0.5274153319602735,0.39391577481750084,0.6038228835003756,0.4718532654043682,1
RandomRotate-image.jpg,0.6159372890909166,0.3870910574649877,0.7140247006539511,0.5302913134791323,1
RandomRotate-image.jpg,0.7111217444113274,0.41010627804587846,0.7717497381128811,0.48526242886755916,1
RandomRotate-image.jpg,0.8752821938088144,0.3189631459133167,0.9540475120805745,0.4091975261896912,1
RandomRotate-image.jpg,0.8232905929368274,0.5898320624012028,0.9198537211590081,0.6642212531595196,1
RandomRotate-image.jpg,0.11525646786463842,0.38876395105612277,0.2144100225291293,0.47033181944100977,1
RandomRotate-image.jpg,0.16577386243325212,0.3037460897622876,0.2775859133071997,0.37656270343813236,1
RandomRotate-image.jpg,0.27103901516450873,0.4458396638491635,0.3474252476867575,0.5306366462385318,1
RandomRotate-image.jpg,0.2747832097137426,0.5189390142731409,0.33785292998649136,0.6141225779456206,1
RandomRotate-image.jpg,0.18177037186009376,0.5773065131300854,0.2607855791104839,0.7259026278875795,1
RandomRotate-image.jpg,0.21409445706057323,0.5733963894417585,0.3253053683403366,0.732778457310127,1
RandomRotate-image.jpg,0.33053818013250547,0.5922042938362113,0.41348572173700693,0.7026782106342013,1
RandomRotate-image.jpg,0.4363205574288263,0.5696840871546,0.5204788522560236,0.6760163194456611,1
RandomRotate-image.jpg,0.41012456139548936,0.4043726431681884,0.5173655903531548,0.5452574545723496,1
RandomRotate-image.jpg,0.5500871207009123,0.520807828346297,0.6107353345282693,0.6242747610326342,1
RandomRotate-image.jpg,0.6157742421397362,0.5128814104643218,0.6918836109595902,0.6165171544776644,1
RandomRotate-image.jpg,0.5988572090038937,0.6310916147994282,0.758430298865052,0.7509042979391011,1
RandomRotate-image.jpg,0.7578369780461699,0.7056226421609856,0.8565533317155881,0.9595573410554685,1
RandomRotate-image.jpg,0.6659838261555997,0.7301804294323412,0.7729633287130723,0.9533828400167755,1
RandomRotate-image.jpg,0.4057551537652982,0.8321201517794953,0.45795317779177347,0.8873772709214832,1
RandomRotate-image.jpg,0.2678610322791412,0.8254614274255714,0.34271821740255587,0.9117884575316183,1
RandomRotate-image.jpg,0.017800052807465393,0.7362611893186647,0.09372128182244194,0.7961251051447671,1
RandomRotate-image.jpg,0.4303640979171049,0.47299069589124526,0.5328111907036228,0.5463814744375095,1
RandomRotate-image.jpg,0.4081824693969316,0.6230996290974403,0.48136289747253375,0.6886342768293056,1
RandomRotate-image.jpg,0.43643238364005926,0.5585547470138907,0.5916245819297938,0.7550372910718759,1
RandomRotate-image.jpg,0.178469925659775,0.7142889557617258,0.28439114870151044,0.8936143679714428,1
