image_name,x_min,y_min,x_max,y_max,label
Rotate-image.jpg,0.004635749962123332,0.7355350322900526,0.050087005998539054,0.8678740054927732,1
Rotate-image.jpg,0.06321494424018687,0.8260583126226959,0.17556746035368034,0.887589790333737,1
Rotate-image.jpg,0.07633764953346546,0.4764248776469007,0.15216301397214183,0.5891361411820768,1
Rotate-image.jpg,0.10422408446653515,0.03352682741081094,0.23394659670624615,0.15095348037495876,1
Rotate-image.jpg,0.12898411904549004,0.13868151357451097,0.2636133570590551,0.23068695270266582,1
Rotate-image.jpg,0.23279163437926717,0.1792380303124485,0.3641654131247435,0.24421635131913033,1
Rotate-image.jpg,0.22325751387422452,0.012966265921597612,0.29949802179654683,0.0998633530890937,1
Rotate-image.jpg,0.26760945964586885,0.016502767755508282,0.315666982168711,0.05636305076130832,1
Rotate-image.jpg,0.5392613811796703,0.05133075470572648,0.6300213749671841,0.12077842936798783,1
Rotate-image.jpg,0.4235970902117609,0.041507093791732265,0.5428876220274871,0.1517811657577691,1
Rotate-image.jpg,0.4137179053938649,0.22139882028834573,0.46878195431458475,0.29039800851501824,1
Rotate-image.jpg,0.45825091255817213,0.2859064262248102,0.5515479509296785,0.35379336507763776,1
Rotate-image.jpg,0.7563329079720427,0.19181910199962215,0.8710089036900177,0.2901014580486078,1
Rotate-image.jpg,0.7175600292312745,0.12934465846596535,0.7907807910240113,0.19190884101352837,1
Rotate-image.jpg,0.9188870763433534,0.07371595562208667,0.997463050345533,0.14655486920045072,1
Rotate-image.jpg,0.526892177838554,0.38975839882784447,0.6032445252511053,0.4677508656358801,1
Rotate-image.jpg,0.6198193067883937,0.37938190951479484,0.7162821130967523,0.5242064144974741,1
Rotate-image.jpg,0.7161600314472707,0.39997415011546417,0.7762647937910658,0.4756533317956014,1
Rotate-image.jpg,0.8820823707349605,0.30054363294917574,0.9604345852810462,0.3911908674057296,1
Rotate-image.jpg,0.8374973282989975,0.580718407103701,0.9348587713190206,0.6543090306354349,1
Rotate-image.jpg,0.10330757991054983,0.3988688303234419,0.20309422802433627,0.4798033384052023,1
Rotate-image.jpg,0.15187003261361373,0.3098036881528888,0.2650860981707058,0.3812160145223128,1
Rotate-image.jpg,0.26556022139753305,0.4520347524896124,0.3416434799266716,0.5371344708684405,1
Rotate-image.jpg,0.27238814192565997,0.526951190374702,0.3343013873754375,0.6232909951928478,1
Rotate-image.jpg,0.18069704063260028,0.5899442144044432,0.25720660464536865,0.7410456363079534,1
Rotate-image.jpg,0.2140122704678546,0.5847675603820816,0.32348843089514157,0.7458839795444682,1
Rotate-image.jpg,0.33268603261313007,0.6002163617540263,0.414642259372404,0.7116813077904999,1
Rotate-image.jpg,0.4404230927881412,0.5734009838203048,0.5237828059636651,0.680531516484118,1
Rotate-image.jpg,0.4088581579981133,0.40434526691400785,0.514887555605396,0.5464413432851428,1
Rotate-image.jpg,0.5555936960514489,0.5192108546607421,0.6146999686687267,0.6242194862242089,1
Rotate-image.jpg,0.6227399915855515,0.5087789219194269,0.6978580556574459,0.613405705268521,1
Rotate-image.jpg,0.6097052005144198,0.6307885600281757,0.7707097801865777,0.7491693408149234,1
Rotate-image.jpg,0.7806617083321205,0.7011894903549754,0.8737886863596752,0.9607130441656498,1
Rotate-image.jpg,0.6860278217655802,0.7297671021266293,0.7888221162649736,0.9571542332214744,1
Rotate-image.jpg,0.4165208216491791,0.8442893698766332,0.46860861418616984,0.8996565618394977,1
Rotate-image.jpg,0.2756257810320975,0.8421461122997197,0.3500698400064828,0.9288860305496682,1
Rotate-image.jpg,0.014661942013950373,0.7593612952066074,0.09116126386746604,0.8186469176933916,1
Rotate-image.jpg,0.4296758695780331,0.474422489404521,0.5331690947593849,0.5467668759131885,1
Rotate-image.jpg,0.4119822132981989,0.6294320996726979,0.48543784886434405,0.694691335086896,1
Rotate-image.jpg,0.4430404735918819,0.5616108464073887,0.5967456259832701,0.7595799170796714,1
Rotate-image.jpg,0.183068466138585,0.7306709717866631,0.28634633434163304,0.9126393176389738,1
