image_name,x_min,y_min,x_max,y_max,label
Scale-image.jpg,0.0609372,0.6164064,0.1476564,0.7558596,1
Scale-image.jpg,0.0468744,0.0398436,0.2039064,0.17929679999999998,1
Scale-image.jpg,0.0878904,0.17343719999999999,0.2542968,0.2789064,1
Scale-image.jpg,0.2238276,0.2144532,0.3890628,0.28476599999999996,1
Scale-image.jpg,0.1957032,0.0,0.2859372,0.1054692,1
Scale-image.jpg,0.24843719999999997,0.0,0.3070308,0.0468744,1
Scale-image.jpg,0.6070307999999999,0.0140628,0.7183596,0.0949224,1
Scale-image.jpg,0.4605468,0.0140628,0.6046872,0.1453128,1
Scale-image.jpg,0.46406279999999994,0.24843719999999997,0.528516,0.33281279999999996,1
Scale-image.jpg,0.528516,0.3269532,0.6433595999999999,0.4054692,1
Scale-image.jpg,0.9070307999999999,0.1710936,1.0009765625,0.28710959999999996,1
Scale-image.jpg,0.8460936,0.0949224,0.9351564,0.16874999999999998,1
Scale-image.jpg,0.6304692000000001,0.453516,0.7218744,0.5472659999999999,1
Scale-image.jpg,0.7570307999999999,0.4289064,0.8671871999999999,0.6082031999999999,1
Scale-image.jpg,0.8765628,0.44531279999999995,0.9468744,0.5378904,1
Scale-image.jpg,0.08320319999999999,0.5132808,0.2050776,0.6082031999999999,1
Scale-image.jpg,0.134766,0.39257759999999997,0.2753904,0.4734372,1
Scale-image.jpg,0.3,0.5636724,0.390234,0.6667968000000001,1
Scale-image.jpg,0.31875,0.659766,0.3890628,0.7792968,1
Scale-image.jpg,0.2132808,0.7511724,0.296484,0.941016,1
Scale-image.jpg,0.2566404,0.7406255999999999,0.3820308,0.9398435999999999,1
Scale-image.jpg,0.40664039999999996,0.7476564,0.5015628,0.8847659999999999,1
Scale-image.jpg,0.5425776,0.7007807999999999,0.6398436,0.8320308,1
Scale-image.jpg,0.48632759999999997,0.4851564,0.6093744,0.659766,1
Scale-image.jpg,0.6855468,0.6175776,0.7511724,0.7488275999999999,1
Scale-image.jpg,0.7710935999999999,0.596484,0.8578128,0.7253904,1
Scale-image.jpg,0.7687499999999999,0.7558596,0.9667968,0.8929692,1
Scale-image.jpg,0.8917968000000001,0.8742192000000001,1.0007807999999998,1.0,1
Scale-image.jpg,0.5132808,0.5742191999999999,0.6410159999999999,0.6574224,1
Scale-image.jpg,0.5074223999999999,0.7769531999999999,0.596484,0.8542968000000001,1
Scale-image.jpg,0.5542967999999999,0.6843744,0.7335936,0.9269531999999999,1
Scale-image.jpg,0.23554679999999997,0.9328128,0.35039039999999994,1.0,1
