image_name,x_min,y_min,x_max,y_max,label
Sequence-image.jpg,0.03073675617454767,0.38591611579104834,0.12142826193001771,0.47299208239139856,1
Sequence-image.jpg,0.05729492338975093,0.46404934962951655,0.1431684188454479,0.5520375911073264,1
Sequence-image.jpg,0.21597124882129248,0.27410170999675126,0.3109949377164641,0.3675905166691578,1
Sequence-image.jpg,0.4589857985869105,0.03614746024671179,0.5822887384809281,0.15996205083321505,1
Sequence-image.jpg,0.43252066782265514,0.10756787444242029,0.5449366791635063,0.22175753134372722,1
Sequence-image.jpg,0.48466629757224955,0.18269365398833518,0.5814483695966833,0.28223854894109196,1
Sequence-image.jpg,0.5506852734414662,0.08431227325226252,0.6324653490951524,0.16564891132032525,1
Sequence-image.jpg,0.5971663020089938,0.1070563524089164,0.640949027868708,0.15118017873028772,1
Sequence-image.jpg,0.7206667906181125,0.2673730725157046,0.8003169515501279,0.3479100736916208,1
Sequence-image.jpg,0.6400187978620305,0.20419478732620094,0.7545988130143106,0.3191499920298962,1
Sequence-image.jpg,0.5605644931354207,0.2999747582780885,0.622878103654431,0.36170850499775087,1
Sequence-image.jpg,0.5551504850757594,0.3593518203094319,0.6352034802602816,0.4404621710413376,1
Sequence-image.jpg,0.7584344204294485,0.4599190752631214,0.8645588841397559,0.5667257049693969,1
Sequence-image.jpg,0.7849742436165787,0.40300151767455467,0.8526363068590663,0.4711070185026655,1
Sequence-image.jpg,0.9231016677040118,0.47500788608676814,0.9986800568495866,0.5508250036426877,1
Sequence-image.jpg,0.5349985499576182,0.45422660698934536,0.6121952031323783,0.5313550121298973,1
Sequence-image.jpg,0.5596185180670584,0.4989146108526694,0.6812529359542464,0.618536619841711,1
Sequence-image.jpg,0.6380191252052915,0.557067071093298,0.7062264455995316,0.6246263145813281,1
Sequence-image.jpg,0.7766019453220443,0.5861304363132231,0.8613466618676344,0.6703635370936735,1
Sequence-image.jpg,0.6172001578633938,0.7219947297211222,0.7021706791146496,0.8079543934128992,1
Sequence-image.jpg,0.2886103967811764,0.24222869651733764,0.37856717476386514,0.3329699426926149,1
Sequence-image.jpg,0.3674728792647418,0.2159217686413589,0.45890549837736994,0.30909390929733865,1
Sequence-image.jpg,0.35053303775974054,0.35599986783608856,0.431301805399498,0.4363934459244308,1
Sequence-image.jpg,0.30955309194464703,0.4027347935135188,0.3893857615511874,0.4811349180212607,1
Sequence-image.jpg,0.19738501595552327,0.3940090474147754,0.3127278862121675,0.5062480292087855,1
Sequence-image.jpg,0.21532955749945906,0.4084681253602851,0.3516829471275808,0.5426726798765358,1
Sequence-image.jpg,0.2994132385068139,0.4759905870605328,0.39672539898344233,0.5720748417589493,1
Sequence-image.jpg,0.37683069989004697,0.5157670615426446,0.4725582027967573,0.6105054220088337,1
Sequence-image.jpg,0.4285048933814169,0.40478411285842947,0.5533021470924289,0.5280805734364346,1
Sequence-image.jpg,0.4702171694384873,0.5439657520920765,0.5532191541848641,0.6250576650642732,1
Sequence-image.jpg,0.5147318366413229,0.5723782539761315,0.6052067097051637,0.6616252212617604,1
Sequence-image.jpg,0.44151282488209104,0.635467066942058,0.580300801877268,0.7760286894976908,1
Sequence-image.jpg,0.42676880740645406,0.769886044082405,0.6065335199608631,0.9427267246258195,1
Sequence-image.jpg,0.3752587785615361,0.7361402232470846,0.5429206152282632,0.8986175494461689,1
Sequence-image.jpg,0.2496338543584306,0.6555786938943022,0.3034227001402776,0.7092310785350789,1
Sequence-image.jpg,0.15528315944519056,0.583432723939849,0.23612065774964738,0.6637585715518202,1
Sequence-image.jpg,0.0633851356872052,0.40120247532979625,0.13091077271596832,0.46944440237163165,1
Sequence-image.jpg,0.44035604729938305,0.4522293318634107,0.5276155227625868,0.5407849611390346,1
Sequence-image.jpg,0.35308827135148924,0.5312406228305986,0.4222662964265417,0.600759713439962,1
Sequence-image.jpg,0.3406042092268709,0.5142230073058431,0.5173397606688664,0.6891166651531746,1
Sequence-image.jpg,0.11182536515924714,0.476666662639344,0.25606743598936466,0.6176342947759987,1
