image_name,x_min,y_min,x_max,y_max,label
Shear-image.jpg,0.13273615635179153,0.799805,0.1872961042345277,0.94043,1
Shear-image.jpg,0.2019542931596091,0.892578,0.3094465667752443,0.949219,1
Shear-image.jpg,0.12784995439739413,0.513672,0.20765482736156354,0.629883,1
Shear-image.jpg,0.0374588664495114,0.033203,0.16612388273615633,0.149414,1
Shear-image.jpg,0.08469039739413681,0.144531,0.214983661237785,0.232422,1
Shear-image.jpg,0.18485305537459282,0.178711,0.3094464625407166,0.237305,1
Shear-image.jpg,0.1359935374592834,0.0,0.21335484039087946,0.087891,1
Shear-image.jpg,0.1726382280130293,0.0,0.2190550618892508,0.039062,1
Shear-image.jpg,0.4234524560260586,0.011719,0.5122151400651466,0.079102,1
Shear-image.jpg,0.3216611856677524,0.011719,0.4397392052117264,0.121094,1
Shear-image.jpg,0.35667773289902277,0.207031,0.41286671009771986,0.277344,1
Shear-image.jpg,0.41205237785016285,0.272461,0.5032574853420195,0.337891,1
Shear-image.jpg,0.6539084820846905,0.142578,0.7671007166123779,0.239258,1
Shear-image.jpg,0.6009770944625407,0.079102,0.6726385407166124,0.140625,1
Shear-image.jpg,0.7654725211726384,0.0,0.8428336156351791,0.072266,1
Shear-image.jpg,0.5008146449511401,0.37793,0.5773611465798046,0.456055,1
Shear-image.jpg,0.5855045732899022,0.357422,0.6864818762214984,0.506836,1
Shear-image.jpg,0.6710099804560261,0.371094,0.7320842736156352,0.448242,1
Shear-image.jpg,0.7923451205211727,0.248047,0.8721501498371335,0.339844,1
Shear-image.jpg,0.8241044951140065,0.554688,0.9193810553745929,0.625977,1
Shear-image.jpg,0.12866454723127035,0.427734,0.226384,0.506836,1
Shear-image.jpg,0.1473943973941368,0.327148,0.2565145016286645,0.394531,1
Shear-image.jpg,0.28664495114006516,0.469727,0.36319192182410426,0.555664,1
Shear-image.jpg,0.3127035830618892,0.549805,0.37785037133550486,0.649414,1
Shear-image.jpg,0.25244268403908793,0.625977,0.33631895765472314,0.78418,1
Shear-image.jpg,0.2809444690553746,0.617188,0.3957651596091205,0.783203,1
Shear-image.jpg,0.385993328990228,0.623047,0.4714985798045603,0.737305,1
Shear-image.jpg,0.47394100325732896,0.583984,0.5594461498371336,0.693359,1
Shear-image.jpg,0.4047227622149837,0.404297,0.5146575635179154,0.549805,1
Shear-image.jpg,0.5618891986970684,0.514648,0.6254075309446254,0.624023,1
Shear-image.jpg,0.6180780716612377,0.49707,0.6962542801302932,0.604492,1
Shear-image.jpg,0.6392508143322475,0.629883,0.7956025537459284,0.744141,1
Shear-image.jpg,0.8200324690553745,0.688477,0.9299677915309447,0.963867,1
Shear-image.jpg,0.7410422931596091,0.728516,0.8566772117263844,0.967773,1
Shear-image.jpg,0.5187299543973941,0.878906,0.5716608729641693,0.93457,1
Shear-image.jpg,0.3965801693811075,0.889648,0.4723129120521173,0.977539,1
Shear-image.jpg,0.14169349837133552,0.825195,0.2166120651465798,0.882812,1
Shear-image.jpg,0.43648177198697075,0.478516,0.5366452117263844,0.547852,1
Shear-image.jpg,0.46009808469055374,0.647461,0.532573029315961,0.711914,1
Shear-image.jpg,0.479641641693811,0.570312,0.6384363778501628,0.772461,1
Shear-image.jpg,0.2931595570032573,0.777344,0.40472297068403906,0.966797,1
