image_name,x_min,y_min,x_max,y_max,label
Translate-image.jpg,0.24999975,0.71289075,0.32226575,0.82910175,1
Translate-image.jpg,0.23828074999999999,0.23242175,0.36914075,0.34863275,1
Translate-image.jpg,0.27246075000000003,0.34374974999999997,0.41113275,0.43164075,1
Translate-image.jpg,0.38574175,0.37792975,0.52343775,0.43652375,1
Translate-image.jpg,0.36230475,0.19921875,0.43749974999999997,0.28710975,1
Translate-image.jpg,0.40624974999999997,0.19921875,0.45507775,0.23828074999999999,1
Translate-image.jpg,0.70507775,0.21093775,0.79785175,0.27832075,1
Translate-image.jpg,0.5830077499999999,0.21093775,0.70312475,0.32031275,1
Translate-image.jpg,0.58593775,0.40624974999999997,0.63964875,0.47656275,1
Translate-image.jpg,0.63964875,0.47167975,0.73535175,0.5371097499999999,1
Translate-image.jpg,0.95507775,0.34179675,1.0,0.43847674999999997,1
Translate-image.jpg,0.90429675,0.27832075,0.97851575,0.33984375,1
Translate-image.jpg,0.72460975,0.57714875,0.80078075,0.65527375,1
Translate-image.jpg,0.83007775,0.55664075,0.92187475,0.70605475,1
Translate-image.jpg,0.92968775,0.57031275,0.98828075,0.64746075,1
Translate-image.jpg,0.26855475,0.6269527500000001,0.37011675,0.70605475,1
Translate-image.jpg,0.31152375,0.52636675,0.42871075000000003,0.59374975,1
Translate-image.jpg,0.44921875,0.66894575,0.52441375,0.75488275,1
Translate-image.jpg,0.46484375,0.74902375,0.52343775,0.84863275,1
Translate-image.jpg,0.37695275,0.82519575,0.44628875,0.98339875,1
Translate-image.jpg,0.41308575000000003,0.81640675,0.5175777500000001,0.98242175,1
Translate-image.jpg,0.53808575,0.82226575,0.61718775,0.93652375,1
Translate-image.jpg,0.65136675,0.78320275,0.73242175,0.89257775,1
Translate-image.jpg,0.60449175,0.60351575,0.70703075,0.74902375,1
Translate-image.jpg,0.77050775,0.71386675,0.82519575,0.82324175,1
Translate-image.jpg,0.84179675,0.69628875,0.91406275,0.80371075,1
Translate-image.jpg,0.83984375,0.82910175,1.0,0.94335975,1
Translate-image.jpg,0.6269527500000001,0.6777347499999999,0.73339875,0.74707075,1
Translate-image.jpg,0.62207075,0.84667975,0.69628875,0.91113275,1
Translate-image.jpg,0.6611327499999999,0.76953075,0.81054675,0.97167975,1
