image_name,x_min,y_min,x_max,y_max,label
VerticalFlip-image.jpg,0.0,0.05957000000000001,0.037109,0.200195,1
VerticalFlip-image.jpg,0.064453,0.050780999999999965,0.181641,0.10742200000000002,1
VerticalFlip-image.jpg,0.050781,0.37011700000000003,0.123047,0.486328,1
VerticalFlip-image.jpg,0.039062,0.8505860000000001,0.169922,0.966797,1
VerticalFlip-image.jpg,0.073242,0.767578,0.211914,0.855469,1
VerticalFlip-image.jpg,0.186523,0.762695,0.324219,0.8212889999999999,1
VerticalFlip-image.jpg,0.163086,0.9121090000000001,0.238281,1.0,1
VerticalFlip-image.jpg,0.207031,0.960938,0.255859,1.0,1
VerticalFlip-image.jpg,0.505859,0.920898,0.598633,0.988281,1
VerticalFlip-image.jpg,0.383789,0.878906,0.503906,0.988281,1
VerticalFlip-image.jpg,0.386719,0.722656,0.44043,0.792969,1
VerticalFlip-image.jpg,0.44043,0.6621090000000001,0.536133,0.7275389999999999,1
VerticalFlip-image.jpg,0.755859,0.760742,0.87207,0.857422,1
VerticalFlip-image.jpg,0.705078,0.859375,0.779297,0.920898,1
VerticalFlip-image.jpg,0.917969,0.9277340000000001,0.99707,1.0,1
VerticalFlip-image.jpg,0.525391,0.543945,0.601562,0.62207,1
VerticalFlip-image.jpg,0.630859,0.49316400000000005,0.722656,0.642578,1
VerticalFlip-image.jpg,0.730469,0.551758,0.789062,0.628906,1
VerticalFlip-image.jpg,0.901367,0.660156,0.978516,0.751953,1
VerticalFlip-image.jpg,0.87793,0.374023,0.977539,0.44531200000000004,1
VerticalFlip-image.jpg,0.069336,0.49316400000000005,0.170898,0.5722659999999999,1
VerticalFlip-image.jpg,0.112305,0.605469,0.229492,0.672852,1
VerticalFlip-image.jpg,0.25,0.44433599999999995,0.325195,0.530273,1
VerticalFlip-image.jpg,0.265625,0.35058599999999995,0.324219,0.450195,1
VerticalFlip-image.jpg,0.177734,0.21582,0.24707,0.374023,1
VerticalFlip-image.jpg,0.213867,0.21679700000000002,0.318359,0.38281200000000004,1
VerticalFlip-image.jpg,0.338867,0.262695,0.417969,0.376953,1
VerticalFlip-image.jpg,0.452148,0.30664100000000005,0.533203,0.41601600000000005,1
VerticalFlip-image.jpg,0.405273,0.450195,0.507812,0.595703,1
VerticalFlip-image.jpg,0.571289,0.375977,0.625977,0.485352,1
VerticalFlip-image.jpg,0.642578,0.39550799999999997,0.714844,0.50293,1
VerticalFlip-image.jpg,0.640625,0.25585899999999995,0.805664,0.37011700000000003,1
VerticalFlip-image.jpg,0.845703,0.03613299999999997,0.922852,0.311523,1
VerticalFlip-image.jpg,0.743164,0.032227000000000006,0.833984,0.27148399999999995,1
VerticalFlip-image.jpg,0.447266,0.06542999999999999,0.499023,0.12109400000000003,1
VerticalFlip-image.jpg,0.297852,0.022460999999999953,0.371094,0.110352,1
VerticalFlip-image.jpg,0.005859,0.11718799999999996,0.083984,0.174805,1
VerticalFlip-image.jpg,0.427734,0.452148,0.53418,0.5214840000000001,1
VerticalFlip-image.jpg,0.422852,0.28808599999999995,0.49707,0.35253900000000005,1
VerticalFlip-image.jpg,0.461914,0.22753900000000005,0.611328,0.42968799999999996,1
VerticalFlip-image.jpg,0.196289,0.03320299999999998,0.291992,0.22265599999999997,1
