1 0.307617 0.901367 0.07714900000000002 0.07421899999999992
1 0.275391 0.84082 0.10058600000000001 0.082032
1 0.366211 0.896484 0.05957000000000001 0.08984400000000003
1 0.166992 0.794922 0.083985 0.11132799999999998
1 0.524414 0.862305 0.12011699999999992 0.074218
1 0.642578 0.84668 0.04003900000000005 0.08300799999999997
1 0.588867 0.902344 0.052734999999999976 0.05957000000000001
1 0.74707 0.867188 0.13183599999999995 0.08105400000000007
1 0.0 0.817383 0.063477 0.07226500000000002
1 0.011719 0.507812 0.059570000000000005 0.08691499999999996
1 0.120117 0.563477 0.11328099999999999 0.09472599999999998
1 0.181641 0.504883 0.077148 0.07324200000000003
1 0.225586 0.570312 0.08886699999999997 0.09570400000000001
1 0.259766 0.652344 0.07128899999999999 0.078125
1 0.325195 0.538086 0.06835999999999998 0.0644530000000001
1 0.219727 0.371094 0.07617099999999999 0.08300800000000003
1 0.133789 0.285156 0.10546900000000001 0.09179699999999996
1 0.486328 0.515625 0.12304700000000002 0.137695
1 0.579102 0.611328 0.10351500000000002 0.11425799999999997
1 0.702148 0.630859 0.07421900000000003 0.13574300000000006
1 0.761719 0.734375 0.0625 0.05371099999999995
1 0.803711 0.624023 0.09863300000000008 0.08886800000000006
1 0.869141 0.59082 0.077148 0.06835999999999998
1 0.745117 0.522461 0.08203099999999997 0.094727
1 0.705078 0.34082 0.079102 0.110352
1 0.568359 0.80957 0.08398500000000009 0.06054700000000002
1 0.004883 0.913086 0.079101 0.0810550000000001
1 0.334961 0.810547 0.087891 0.092773
1 0.767578 0.84375 0.13281300000000007 0.05664100000000005
1 0.288086 0.529297 0.050780999999999965 0.05957000000000001
1 0.012695 0.404297 0.044922000000000004 0.04882799999999998
