1 0.0 0.799805 0.037109 0.140625
1 0.064453 0.892578 0.117188 0.05664100000000005
1 0.050781 0.513672 0.072266 0.11621099999999995
1 0.039062 0.033203 0.13085999999999998 0.11621099999999998
1 0.073242 0.144531 0.138672 0.087891
1 0.186523 0.178711 0.13769599999999999 0.05859399999999998
1 0.163086 0.0 0.07519499999999998 0.087891
1 0.207031 0.0 0.04882800000000001 0.039062
1 0.505859 0.011719 0.09277400000000002 0.067383
1 0.383789 0.011719 0.12011699999999997 0.109375
1 0.386719 0.207031 0.05371100000000001 0.07031299999999999
1 0.44043 0.272461 0.09570299999999998 0.06542999999999999
1 0.755859 0.142578 0.11621100000000006 0.09667999999999999
1 0.705078 0.079102 0.07421900000000003 0.061522999999999994
1 0.917969 0.0 0.07910099999999998 0.072266
1 0.525391 0.37793 0.07617099999999999 0.078125
1 0.630859 0.357422 0.09179700000000002 0.14941399999999994
1 0.730469 0.371094 0.058593000000000006 0.077148
1 0.901367 0.248047 0.07714900000000002 0.09179699999999999
1 0.87793 0.554688 0.09960900000000006 0.07128900000000005
1 0.069336 0.427734 0.101562 0.07910199999999995
1 0.112305 0.327148 0.117187 0.06738300000000003
1 0.25 0.469727 0.07519500000000001 0.08593700000000004
1 0.265625 0.549805 0.05859399999999998 0.09960900000000006
1 0.177734 0.625977 0.06933600000000001 0.15820299999999998
1 0.213867 0.617188 0.104492 0.16601500000000002
1 0.338867 0.623047 0.079102 0.11425799999999997
1 0.452148 0.583984 0.08105499999999999 0.109375
1 0.405273 0.404297 0.10253900000000005 0.14550799999999997
1 0.571289 0.514648 0.05468799999999996 0.109375
1 0.642578 0.49707 0.07226600000000005 0.10742200000000002
1 0.640625 0.629883 0.16503900000000005 0.11425800000000008
1 0.845703 0.688477 0.07714900000000002 0.27539
1 0.743164 0.728516 0.0908199999999999 0.23925699999999994
1 0.447266 0.878906 0.051757 0.05566400000000005
1 0.297852 0.889648 0.07324199999999997 0.08789100000000005
1 0.005859 0.825195 0.078125 0.05761700000000003
1 0.427734 0.478516 0.10644599999999999 0.06933600000000001
1 0.422852 0.647461 0.074218 0.0644530000000001
1 0.461914 0.570312 0.149414 0.2021489999999999
1 0.196289 0.777344 0.09570299999999998 0.18945299999999998
